(OR;
1:100;
5:50;
(AND:1000;1;1;1);
(AND:2000;1;1;1;1);
(AND:4000;1;1;1;1;1);
(AND:8000;1;1;1;1;1;1);
(AND:200;2;2;2);
(AND:400;2;2;2;2);
(AND:800;2;2;2;2;2);
(AND:1600;2;2;2;2;2;2);
(AND:300;3;3;3);
(AND:600;3;3;3;3);
(AND:1200;3;3;3;3;3);
(AND:2400;3;3;3;3;3;3);
(AND:400;4;4;4);
(AND:800;4;4;4;4);
(AND:1600;4;4;4;4;4);
(AND:3200;4;4;4;4;4;4);
(AND:500;5;5;5);
(AND:1000;5;5;5;5);
(AND:2000;5;5;5;5;5);
(AND:4000;5;5;5;5;5;5);
(AND:600;6;6;6);
(AND:1200;6;6;6;6);
(AND:2400;6;6;6;6;6);
(AND:4800;6;6;6;6;6;6);
(AND:3000;1;2;3;4;5;6);
(AND:500;pair;pair;pair);
)


------------------
(OR;1:100;5:50;(AND:1000;1;1;1);(AND:2000;1;1;1;1);(AND:4000;1;1;1;1;1);(AND:8000;1;1;1;1;1;1);(AND:200;2;2;2);(AND:400;2;2;2;2);(AND:800;2;2;2;2;2);(AND:1600;2;2;2;2;2;2);(AND:300;3;3;3);(AND:600;3;3;3;3);(AND:1200;3;3;3;3;3);(AND2400;3;3;3;3;3;3);(AND:400;4;4;4);(AND:800;4;4;4;4);(AND:1600;4;4;4;4;4);(AND:3200;4;4;4;4;4;4);(AND:500;5;5;5);(AND:1000;5;5;5;5);(AND:2000;5;5;5;5;5);(AND:4000;5;5;5;5;5;5);(AND:600;6;6;6);(AND:1200;6;6;6;6);(AND:2400;6;6;6;6;6);(AND:4800;6;6;6;6;6;6);(AND:3000;1;2;3;4;5;6);(AND:500;pair;pair;pair))
